x_mm,y_mm,stroke_id
327.944,560.322,0
328.951,560.322,0
329.958,560.322,0
330.965,560.322,0
331.972,560.322,0
332.979,560.322,0
333.985,560.322,0
334.992,560.322,0
335.999,560.322,0
337.006,560.322,0
338.013,560.322,0
339.020,560.322,0
339.194,559.490,0
339.194,558.483,0
338.760,557.578,0
338.309,556.678,0
337.628,555.944,0
336.809,555.380,0
335.909,554.930,0
334.957,554.697,0
333.950,554.697,0
332.943,554.697,0
332.010,555.008,0
331.109,555.459,0
330.323,556.068,0
329.611,556.780,0
328.899,557.492,0
328.571,558.441,0
328.253,559.397,0
327.944,560.353,0
327.944,561.360,0
327.998,562.358,0
328.316,563.314,0
328.635,564.269,0
329.041,565.169,0
329.753,565.881,0
330.465,566.593,0
331.289,567.151,0
332.189,567.601,0
333.144,567.822,0
334.151,567.822,0
335.158,567.822,0
336.088,567.500,0
336.989,567.050,0
337.770,566.434,0
338.482,565.722,0
339.194,565.010,0
379.507,564.072,1
378.734,564.845,1
377.962,564.403,1
378.074,563.630,1
378.846,563.412,1
379.507,564.230,1
379.507,565.322,1
379.176,566.278,1
378.404,567.050,1
377.632,567.822,1
416.069,557.510,2
416.786,556.793,2
417.502,556.077,2
418.291,555.461,2
419.197,555.008,2
420.137,554.697,2
421.150,554.697,2
422.163,554.697,2
423.119,554.941,2
424.025,555.394,2
424.842,555.971,2
425.559,556.687,2
426.275,557.403,2
426.654,558.328,2
426.975,559.289,2
427.295,560.251,2
427.319,561.260,2
427.295,562.269,2
426.975,563.230,2
426.654,564.191,2
426.275,565.116,2
425.559,565.833,2
424.842,566.549,2
424.025,567.126,2
423.119,567.579,2
422.163,567.822,2
421.150,567.822,2
420.137,567.822,2
419.197,567.511,2
418.291,567.058,2
417.502,566.443,2
416.786,565.726,2
416.069,565.010,2
443.257,554.697,3
442.860,555.622,3
442.464,556.548,3
442.067,557.473,3
441.671,558.398,3
441.274,559.323,3
440.878,560.248,3
440.481,561.174,3
440.085,562.099,3
439.688,563.024,3
439.292,563.949,3
438.895,564.874,3
438.499,565.799,3
438.102,566.725,3
437.706,567.650,3
437.265,568.555,3
436.815,569.455,3
436.365,570.355,3
435.915,571.256,3
435.295,572.034,3
434.583,572.746,3
433.869,573.454,3
432.969,573.904,3
432.068,574.354,3
431.069,574.385,3
448.882,557.510,4
449.598,556.793,4
450.314,556.077,4
451.103,555.461,4
452.010,555.008,4
452.949,554.697,4
453.963,554.697,4
454.976,554.697,4
455.931,554.941,4
456.838,555.394,4
457.655,555.971,4
458.371,556.687,4
459.088,557.403,4
459.467,558.328,4
459.787,559.289,4
460.108,560.251,4
460.132,561.260,4
460.108,562.269,4
459.787,563.230,4
459.467,564.191,4
459.088,565.116,4
458.371,565.833,4
457.655,566.549,4
456.838,567.126,4
455.931,567.579,4
454.976,567.822,4
453.963,567.822,4
452.949,567.822,4
452.010,567.511,4
451.103,567.058,4
450.314,566.443,4
449.598,565.726,4
448.882,565.010,4
465.757,560.322,5
466.763,560.322,5
467.770,560.322,5
468.777,560.322,5
469.784,560.322,5
470.791,560.322,5
471.798,560.322,5
472.805,560.322,5
473.812,560.322,5
474.819,560.322,5
475.825,560.322,5
476.832,560.322,5
477.007,559.490,5
477.007,558.483,5
476.572,557.578,5
476.122,556.678,5
475.441,555.944,5
474.622,555.380,5
473.721,554.930,5
472.769,554.697,5
471.762,554.697,5
470.756,554.697,5
469.822,555.008,5
468.921,555.459,5
468.136,556.068,5
467.424,556.780,5
466.712,557.492,5
466.384,558.441,5
466.065,559.397,5
465.757,560.353,5
465.757,561.360,5
465.810,562.358,5
466.129,563.314,5
466.447,564.269,5
466.854,565.169,5
467.566,565.881,5
468.278,566.593,5
469.101,567.151,5
470.002,567.601,5
470.956,567.822,5
471.963,567.822,5
472.970,567.822,5
473.901,567.500,5
474.802,567.050,5
475.583,566.434,5
476.295,565.722,5
477.007,565.010,5
364.507,554.697,6
363.607,555.147,6
362.708,555.597,6
361.981,556.286,6
361.270,556.997,6
360.668,557.776,6
360.350,558.730,6
360.032,559.684,6
359.819,560.655,6
359.819,561.660,6
359.967,562.642,6
360.285,563.596,6
360.603,564.550,6
361.125,565.378,6
361.836,566.089,6
362.547,566.800,6
363.424,567.281,6
364.324,567.731,6
365.308,567.822,6
366.313,567.822,6
367.319,567.822,6
368.219,567.373,6
369.118,566.923,6
369.845,566.234,6
370.556,565.523,6
371.158,564.744,6
371.476,563.790,6
371.794,562.836,6
372.007,561.865,6
372.007,560.859,6
371.858,559.878,6
371.540,558.924,6
371.222,557.970,6
370.701,557.141,6
369.990,556.430,6
369.279,555.719,6
368.401,555.238,6
367.502,554.789,6
366.518,554.697,6
365.512,554.697,6
364.507,554.697,6
484.507,565.947,7
483.757,566.697,7
484.132,567.447,7
484.882,567.447,7
485.257,566.697,7
484.507,565.947,7
308.257,548.135,8
308.257,549.171,8
308.257,550.207,8
308.257,551.243,8
308.257,552.280,8
308.257,553.316,8
308.257,554.352,8
308.257,555.388,8
308.257,556.424,8
308.257,557.460,8
308.257,558.497,8
308.257,559.533,8
308.257,560.569,8
308.257,561.605,8
308.257,562.641,8
308.257,563.678,8
308.257,564.714,8
308.257,565.750,8
308.257,566.786,8
308.257,567.822,8
321.382,548.135,9
321.382,549.171,9
321.382,550.207,9
321.382,551.243,9
321.382,552.280,9
321.382,553.316,9
321.382,554.352,9
321.382,555.388,9
321.382,556.424,9
321.382,557.460,9
321.382,558.497,9
321.382,559.533,9
321.382,560.569,9
321.382,561.605,9
321.382,562.641,9
321.382,563.678,9
321.382,564.714,9
321.382,565.750,9
321.382,566.786,9
321.382,567.822,9
308.257,557.510,10
309.266,557.510,10
310.276,557.510,10
311.285,557.510,10
312.295,557.510,10
313.305,557.510,10
314.314,557.510,10
315.324,557.510,10
316.334,557.510,10
317.343,557.510,10
318.353,557.510,10
319.362,557.510,10
320.372,557.510,10
321.382,557.510,10
345.757,548.135,11
345.757,549.171,11
345.757,550.207,11
345.757,551.243,11
345.757,552.280,11
345.757,553.316,11
345.757,554.352,11
345.757,555.388,11
345.757,556.424,11
345.757,557.460,11
345.757,558.497,11
345.757,559.533,11
345.757,560.569,11
345.757,561.605,11
345.757,562.641,11
345.757,563.678,11
345.757,564.714,11
345.757,565.750,11
345.757,566.786,11
345.757,567.822,11
353.257,548.135,12
353.257,549.171,12
353.257,550.207,12
353.257,551.243,12
353.257,552.280,12
353.257,553.316,12
353.257,554.352,12
353.257,555.388,12
353.257,556.424,12
353.257,557.460,12
353.257,558.497,12
353.257,559.533,12
353.257,560.569,12
353.257,561.605,12
353.257,562.641,12
353.257,563.678,12
353.257,564.714,12
353.257,565.750,12
353.257,566.786,12
353.257,567.822,12
399.194,554.697,13
399.596,555.635,13
399.998,556.572,13
400.399,557.510,13
400.801,558.447,13
401.203,559.385,13
401.605,560.322,13
402.007,561.260,13
402.408,562.197,13
402.810,563.135,13
403.212,564.072,13
403.614,565.010,13
404.016,565.947,13
404.417,566.885,13
404.819,567.822,13
410.444,554.697,14
410.042,555.635,14
409.641,556.572,14
409.239,557.510,14
408.837,558.447,14
408.435,559.385,14
408.033,560.322,14
407.632,561.260,14
407.230,562.197,14
406.828,563.135,14
406.426,564.072,14
406.024,565.010,14
405.623,565.947,14
405.221,566.885,14
404.819,567.822,14
416.069,554.697,15
416.069,555.733,15
416.069,556.770,15
416.069,557.806,15
416.069,558.842,15
416.069,559.878,15
416.069,560.914,15
416.069,561.951,15
416.069,562.987,15
416.069,564.023,15
416.069,565.059,15
416.069,566.095,15
416.069,567.132,15
416.069,568.168,15
416.069,569.204,15
416.069,570.240,15
416.069,571.276,15
416.069,572.312,15
416.069,573.349,15
416.069,574.385,15
432.007,554.697,16
432.408,555.635,16
432.810,556.572,16
433.212,557.510,16
433.614,558.447,16
434.016,559.385,16
434.417,560.322,16
434.819,561.260,16
435.221,562.197,16
435.623,563.135,16
436.024,564.072,16
436.426,565.010,16
436.828,565.947,16
437.230,566.885,16
437.632,567.822,16
448.882,554.697,17
448.882,555.733,17
448.882,556.770,17
448.882,557.806,17
448.882,558.842,17
448.882,559.878,17
448.882,560.914,17
448.882,561.951,17
448.882,562.987,17
448.882,564.023,17
448.882,565.059,17
448.882,566.095,17
448.882,567.132,17
448.882,568.168,17
448.882,569.204,17
448.882,570.240,17
448.882,571.276,17
448.882,572.312,17
448.882,573.349,17
448.882,574.385,17
484.507,548.135,18
484.507,549.144,18
484.507,550.154,18
484.507,551.164,18
484.507,552.173,18
484.507,553.183,18
484.507,554.192,18
484.507,555.202,18
484.507,556.212,18
484.507,557.221,18
484.507,558.231,18
484.507,559.241,18
484.507,560.250,18
484.507,561.260,18
